Max Depth,Max Neurib,Best loss,Best structure,Generation
4,4,0.201214701931924, [784   2   2   2  10],6
4,6,0.175306277602911, [784   5   4   4  10],1
4,8,0.107868594286032, [784   5   8   7  10],8
4,10,0.059367847695365, [784   9   7  10  10],6
4,12,0.048363127322868, [784  11   8  11  10],7
4,14,0.053031561972341, [784  11  11   8  10],0
6,4,0.205209542579949, [784   3   3   3   3  10],7
6,6,0.153918159428984, [784   2   5   6   2   5  10],5
6,8,0.086109835346229, [784   6   3   6   7   7  10],9
6,10,0.050209434769815, [784  10   8   7   6  10   9  10],9
6,12,0.048198033313558, [784   8   9   9   8  10],8
6,14,0.047047889945679, [784  11   6   8  11   6  10],3
