Max depth,Max Neuron,Best Loss,Best Sturcture,Generation,`
4,4,0.208151548847556, [784   2   3   2  10],7,94080
4,6,0.15737646523118, [784   5   6   5  10],8,1176000
4,8,0.145937572758645, [784   7   6  10],3,329280
4,10,0.072842717997264, [784   8   7   6  10],8,2634240
4,12,0.057058395461179, [784   9  10   9  10],7,6350400
4,14,0.057534586697817, [784  12   7  11  10],2,7244160
6,4,0.201862516641617, [784   2   2   2   2  10],6,125440
6,6,0.170896174859256, [784   3   2   3   5  10],5,705600
6,8,0.088975879929029, [784   6   3   7   6  10],3,5927040
6,10,0.054424940252677, [784   9   8   9   6   9  10],0,274337280
6,12,0.045897261463106, [784   9  11   8   8   9  10],3,447068160
6,14,0.048412259081495, [784  11   9  11   6  10],7,51226560
